0.6075 
0.8668 
0.0482 
0.6724 
0.5638 
0.2385 
0.4133 
0.5685 
0.2300 
0.6451 
0.4874 
0.6429 
0.4590 
0.4752 
0.7979 
0.7818 
0.7834 
0.6343 
0.2585 
0.6434 
0.8260 
0.5978 
0.7069 
0.6454 
0.4393 
0.5588 
0.3425 
0.6777 
0.2706 
0.2862 
0.3381 
0.7877 
0.5650 
0.3490 
0.7741 
0.1577 
0.4796 
0.4517 
0.5638 
0.5626 
0.3270 
0.4940 
0.4670 
0.6255 
0.7187 
0.7219 
0.3273 
0.5155 
0.2572 
0.2773 
0.4986 
0.8065 
0.3461 
0.5743 
0.4549 
0.7235 
0.2822 
0.5065 
0.6105 
0.7201 
0.8088 
0.5172 
0.2017 
0.3515 
0.2877 
0.9701 
0.3769 
0.6496 
0.4615 
0.6777 
0.3470 
0.2195 
0.2155 
0.5976 
0.4645 
0.4608 
0.7839 
0.5583 
0.5396 
0.8175 
0.3391 
0.6393 
0.6670 
0.4513 
0.5431 
0.2668 
0.2704 
0.5210 
0.6445 
0.3666 
0.5375 
0.4835 
0.1134 
0.4122 
0.1411 
0.6681 
0.3224 
0.5200 
0.3911 
0.5607 
0.3799 
0.5980 
0.6479 
0.8424 
0.4612 
0.0723 
0.3321 
0.7709 
0.2856 
0.6922 
0.5248 
0.7873 
0.1078 
0.4605 
0.2584 
0.6650 
0.7758 
0.2884 
0.4063 
0.4455 
0.7197 
0.4444 
0.6403 
0.0896 
0.4292 
0.3353 
0.1846 
0.6016 
0.5564 
0.5067 
0.2333 
0.7255 
0.5700 
0.4402 
0.5046 
0.4476 
0.1500 
0.4429 
0.3337 
0.3042 
0.2687 
0.3933 
0.0995 
0.6928 
0.6040 
0.4960 
0.4930 
0.3404 
0.7037 
0.4734 
0.3571 
0.7703 
0.4550 
0.3822 
0.4412 
0.3304 
0.2760 
0.8311 
0.5615 
0.2486 
0.3269 
0.4647 
0.6583 
0.2336 
0.0340 
0.2102 
0.5667 
0.5783 
0.5903 
0.4739 
0.5367 
0.4048 
0.6724 
0.2277 
0.5910 
0.3303 
0.4330 
0.6106 
0.7078 
0.2765 
0.7521 
0.6320 
0.4864 
0.4610 
0.4565 
0.4394 
0.5046 
0.5103 
0.6652 
0.8054 
0.5934 
0.4581 
0.6250 
0.5366 
0.2940 
0.6898 
0.5614 
0.5270 
0.6030 
0.5523 
0.3117 
0.4675 
0.4708 
0.3936 
0.8364 
0.3249 
0.4032 
0.3576 
0.2652 
0.4616 
0.4452 
0.8060 
0.4502 
0.2872 
0.8207 
0.7469 
0.4541 
0.1988 
0.4111 
0.4688 
0.5552 
0.4478 
0.5887 
0.5784 
0.2499 
0.3104 
0.3518 
0.3984 
0.4359 
0.5025 
0.4086 
0.7485 
0.2867 
0.6867 
0.5701 
0.4942 
0.5365 
0.1870 
0.4831 
0.8208 
0.5197 
0.5083 
0.3532 
0.4938 
0.5465 
0.5853 
0.4254 
0.4527 
0.9047 
0.0483 
0.9459 
0.5675 
0.7000 
0.1672 
0.3820 
0.4444 
0.5845 
0.1660 
0.5943 
0.2574 
0.5132 
0.6305 
0.5654 
0.7165 
0.7012 
0.3698 
0.5514 
0.3111 
0.2356 
0.6850 
0.5000 
0.4890 
0.6822 
0.6189 
0.5700 
0.7501 
0.6860 
0.5480 
0.3619 
0.3697 
0.7384 
0.1776 
0.4951 
0.1102 
0.7041 
0.6723 
0.5002 
0.4858 
0.0027 
0.6162 
0.0615 
0.0361 
0.5160 
0.3103 
0.5823 
0.6354 
0.6715 
0.3618 
0.5899 
0.5201 
0.6652 
0.6072 
0.6796 
0.4736 
0.4706 
0.7016 
0.0753 
0.3991 
0.2459 
0.4235 
0.6297 
0.6651 
0.2970 
0.4058 
0.5274 
0.4416 
0.5604 
0.5800 
0.3140 
0.4646 
0.0736 
0.7291 
0.3742 
0.2592 
0.4492 
0.2143 
0.4958 
0.3879 
0.9356 
0.7277 
0.0006 
0.5883 
0.2204 
0.4490 
0.5329 
0.6495 
0.4454 
0.8153 
0.4038 
0.5655 
0.6329 
0.5170 
0.6762 
0.5646 
0.3432 
0.1389 
0.8717 
0.3791 
0.5207 
0.6126 
0.5227 
0.3191 
0.4065 
0.4750 
0.7958 
0.3278 
0.6569 
0.5617 
0.4532 
0.2886 
0.4432 
0.4827 
0.2061 
0.5384 
0.3355 
0.4812 
0.5672 
0.3191 
0.4423 
0.5700 
0.1328 
0.7072 
0.9849 
0.6919 
0.4368 
0.5857 
0.2928 
0.8756 
0.6881 
0.6575 
0.3248 
0.5640 
0.3883 
0.4377 
0.3860 
0.2949 
0.3183 
0.4580 
0.1602 
0.6215 
0.4764 
0.6398 
0.5539 
0.5989 
0.2034 
0.2959 
0.4106 
0.5219 
0.7257 
0.4420 
0.7523 
0.5951 
0.7348 
0.5254 
0.3686 
0.2037 
0.5311 
0.6637 
0.4415 
0.3918 
0.4383 
0.2807 
0.4014 
0.4639 
0.5092 
0.4872 
0.6223 
0.5219 
0.8628 
0.5624 
0.8609 
0.3554 
0.6053 
0.4479 
0.6200 
0.6188 
0.0628 
0.2346 
0.2118 
0.5804 
0.7940 
0.4346 
0.6625 
0.6091 
0.2897 
0.5795 
0.3496 
0.8033 
0.4935 
0.8272 
0.4150 
0.6179 
0.4874 
0.0956 
0.3036 
0.6225 
0.4890 
0.2763 
0.3747 
0.5499 
0.3014 
0.6950 
0.3719 
0.8618 
0.2840 
0.5398 
0.1958 
0.3553 
0.3813 
0.5803 
0.6884 
0.5601 
0.4254 
0.6631 
0.6598 
0.5240 
0.6142 
0.5826 
0.3026 
0.6519 
0.3686 
0.3792 
0.5354 
0.4385 
0.4736 
0.6191 
0.7094 
0.4604 
0.5655 
0.4523 
0.5459 
0.5880 
0.3766 
0.5550 
0.6202 
0.5185 
0.8460 
0.3783 
0.3526 
0.1500 
0.6821 
0.6734 
0.4840 
0.6797 
0.5367 
0.5582 
0.5226 
0.5880 
0.5203 
0.2667 
0.6075 
0.8668 
0.0482 
0.6724 
0.5638 
0.2385 
0.4133 
0.5685 
0.2300 
0.6451 
0.4874 
0.6429 
0.4590 
0.4752 
0.7979 
0.7818 
0.7834 
0.6343 
0.2585 
0.6434 
0.8260 
0.5978 
0.7069 
0.6454 
0.4393 
0.5588 
0.3425 
0.6777 
0.2706 
0.2862 
0.3381 
0.7877 
0.5650 
0.3490 
0.7741 
0.1577 
0.4796 
0.4517 
0.5638 
0.5626 
0.3270 
0.4940 
0.4670 
0.6255 
0.7187 
0.7219 
0.3273 
0.5155 
0.2572 
0.2773 
0.4986 
0.8065 
0.3461 
0.5743 
0.4549 
0.7235 
0.2822 
0.5065 
0.6105 
0.7201 
0.8088 
0.5172 
0.2017 
0.3515 
0.2877 
0.9701 
0.3769 
0.6496 
0.4615 
0.6777 
0.3470 
0.2195 
0.2155 
0.5976 
0.4645 
0.4608 
0.7839 
0.5583 
0.5396 
0.8175 
0.3391 
0.6393 
0.6670 
0.4513 
0.5431 
0.2668 
0.2704 
0.5210 
0.6445 
0.3666 
0.5375 
0.4835 
0.1134 
0.4122 
0.1411 
0.6681 
0.3224 
0.5200 
0.3911 
0.5607 
0.3799 
0.5980 
0.6479 
0.8424 
0.4612 
0.0723 
0.3321 
0.7709 
0.2856 
0.6922 
0.5248 
0.7873 
0.1078 
0.4605 
0.2584 
0.6650 
0.7758 
0.2884 
0.4063 
0.4455 
0.7197 
0.4444 
0.6403 
0.0896 
0.4292 
0.3353 
0.1846 
0.6016 
0.5564 
0.5067 
0.2333 
0.7255 
0.5700 
0.4402 
0.5046 
0.4476 
0.1500 
0.4429 
0.3337 
0.3042 
0.2687 
0.3933 
0.0995 
0.6928 
0.6040 
0.4960 
0.4930 
0.3404 
0.7037 
0.4734 
0.3571 
0.7703 
0.4550 
0.3822 
0.4412 
0.3304 
0.2760 
0.8311 
0.5615 
0.2486 
0.3269 
0.4647 
0.6583 
0.2336 
0.0340 
0.2102 
0.5667 
0.5783 
0.5903 
0.4739 
0.5367 
0.4048 
0.6724 
0.2277 
0.5910 
0.3303 
0.4330 
0.6106 
0.7078 
0.2765 
0.7521 
0.6320 
0.4864 
0.4610 
0.4565 
0.4394 
0.5046 
0.5103 
0.6652 
0.8054 
0.5934 
0.4581 
0.6250 
0.5366 
0.2940 
0.6898 
0.5614 
0.5270 
0.6030 
0.5523 
0.3117 
0.4675 
0.4708 
0.3936 
0.8364 
0.3249 
0.4032 
0.3576 
0.2652 
0.4616 
0.4452 
0.8060 
0.4502 
0.2872 
0.8207 
0.7469 
0.4541 
0.1988 
0.4111 
0.4688 
0.5552 
0.4478 
0.5887 
0.5784 
0.2499 
0.3104 
0.3518 
0.3984 
0.4359 
0.5025 
0.4086 
0.7485 
0.2867 
0.6867 
0.5701 
0.4942 
0.5365 
0.1870 
0.4831 
0.8208 
0.5197 
0.5083 
0.3532 
0.4938 
0.5465 
0.5853 
0.4254 
0.4527 
0.9047 
0.0483 
0.9459 
0.5675 
0.7000 
0.1672 
0.3820 
0.4444 
0.5845 
0.1660 
0.5943 
0.2574 
0.5132 
0.6305 
0.5654 
0.7165 
0.7012 
0.3698 
0.5514 
0.3111 
0.2356 
0.6850 
0.5000 
0.4890 
0.6822 
0.6189 
0.5700 
0.7501 
0.6860 
0.5480 
0.3619 
0.3697 
0.7384 
0.1776 
0.4951 
0.1102 
0.7041 
0.6723 
0.5002 
0.4858 
0.0027 
0.6162 
0.0615 
0.0361 
0.5160 
0.3103 
0.5823 
0.6354 
0.6715 
0.3618 
0.5899 
0.5201 
0.6652 
0.6072 
0.6796 
0.4736 
0.4706 
0.7016 
0.0753 
0.3991 
0.2459 
0.4235 
0.6297 
0.6651 
0.2970 
0.4058 
0.5274 
0.4416 
0.5604 
0.5800 
0.3140 
0.4646 
0.0736 
0.7291 
0.3742 
0.2592 
0.4492 
0.2143 
0.4958 
0.3879 
0.9356 
0.7277 
0.0006 
0.5883 
0.2204 
0.4490 
0.5329 
0.6495 
0.4454 
0.8153 
0.4038 
0.5655 
0.6329 
0.5170 
0.6762 
0.5646 
0.3432 
0.1389 
0.8717 
0.3791 
0.5207 
0.6126 
0.5227 
0.3191 
0.4065 
0.4750 
0.7958 
0.3278 
0.6569 
0.5617 
0.4532 
0.2886 
0.4432 
0.4827 
0.2061 
0.5384 
0.3355 
0.4812 
0.5672 
0.3191 
0.4423 
0.5700 
0.1328 
0.7072 
0.9849 
0.6919 
0.4368 
0.5857 
0.2928 
0.8756 
0.6881 
0.6575 
0.3248 
0.5640 
0.3883 
0.4377 
0.3860 
0.2949 
0.3183 
0.4580 
0.1602 
0.6215 
0.4764 
0.6398 
0.5539 
0.5989 
0.2034 
0.2959 
0.4106 
0.5219 
0.7257 
0.4420 
0.7523 
0.5951 
0.7348 
0.5254 
0.3686 
0.2037 
0.5311 
0.6637 
0.4415 
0.3918 
0.4383 
0.2807 
0.4014 
0.4639 
0.5092 
0.4872 
0.6223 
0.5219 
0.8628 
0.5624 
0.8609 
0.3554 
0.6053 
0.4479 
0.6200 
0.6188 
0.0628 
0.2346 
0.2118 
0.5804 
0.7940 
0.4346 
0.6625 
0.6091 
0.2897 
0.5795 
0.3496 
0.8033 
0.4935 
0.8272 
0.4150 
0.6179 
0.4874 
0.0956 
0.3036 
0.6225 
0.4890 
0.2763 
0.3747 
0.5499 
0.3014 
0.6950 
0.3719 
0.8618 
0.2840 
0.5398 
0.1958 
0.3553 
0.3813 
0.5803 
0.6884 
0.5601 
0.4254 
0.6631 
0.6598 
0.5240 
0.6142 
0.5826 
0.3026 
0.6519 
0.3686 
0.3792 
0.5354 
0.4385 
0.4736 
0.6191 
0.7094 
0.4604 
0.5655 
0.4523 
0.5459 
0.5880 
0.3766 
0.5550 
0.6202 
0.5185 
0.8460 
0.3783 
0.3526 
0.1500 
0.6821 
0.6734 
0.4840 
0.6797 
0.5367 
0.5582 
0.5226 
0.5880 
0.5203 
0.2667 
0.6075 
0.8668 
0.0482 
0.6724 
0.5638 
0.2385 
0.4133 
0.5685 
0.2300 
0.6451 
0.4874 
0.6429 
0.4590 
0.4752 
0.7979 
0.7818 
0.7834 
0.6343 
0.2585 
0.6434 
0.8260 
0.5978 
0.7069 
0.6454 
0.4393 
0.5588 
0.3425 
0.6777 
0.2706 
0.2862 
0.3381 
0.7877 
0.5650 
0.3490 
0.7741 
0.1577 
0.4796 
0.4517 
0.5638 
0.5626 
0.3270 
0.4940 
0.4670 
0.6255 
0.7187 
0.7219 
0.3273 
0.5155 
0.2572 
0.2773 
0.4986 
0.8065 
0.3461 
0.5743 
0.4549 
0.7235 
0.2822 
0.5065 
0.6105 
0.7201 
0.8088 
0.5172 
0.2017 
0.3515 
0.2877 
0.9701 
0.3769 
0.6496 
0.4615 
0.6777 
0.3470 
0.2195 
0.2155 
0.5976 
0.4645 
0.4608 
0.7839 
0.5583 
0.5396 
0.8175 
0.3391 
0.6393 
0.6670 
0.4513 
0.5431 
0.2668 
0.2704 
0.5210 
0.6445 
0.3666 
0.5375 
0.4835 
0.1134 
0.4122 
0.1411 
0.6681 
0.3224 
0.5200 
0.3911 
0.5607 
0.3799 
0.5980 
0.6479 
0.8424 
0.4612 
0.0723 
0.3321 
0.7709 
0.2856 
0.6922 
0.5248 
0.7873 
0.1078 
0.4605 
0.2584 
0.6650 
0.7758 
0.2884 
0.4063 
0.4455 
0.7197 
0.4444 
0.6403 
0.0896 
0.4292 
0.3353 
0.1846 
0.6016 
0.5564 
0.5067 
0.2333 
0.7255 
0.5700 
0.4402 
0.5046 
0.4476 
0.1500 
0.4429 
0.3337 
0.3042 
0.2687 
0.3933 
0.0995 
0.6928 
0.6040 
0.4960 
0.4930 
0.3404 
0.7037 
0.4734 
0.3571 
0.7703 
0.4550 
0.3822 
0.4412 
0.3304 
0.2760 
0.8311 
0.5615 
0.2486 
0.3269 
0.4647 
0.6583 
0.2336 
0.0340 
0.2102 
0.5667 
0.5783 
0.5903 
0.4739 
0.5367 
0.4048 
0.6724 
0.2277 
0.5910 
0.3303 
0.4330 
0.6106 
0.7078 
0.2765 
0.7521 
0.6320 
0.4864 
0.4610 
0.4565 
0.4394 
0.5046 
0.5103 
0.6652 
0.8054 
0.5934 
0.4581 
0.6250 
0.5366 
0.2940 
0.6898 
0.5614 
0.5270 
0.6030 
0.5523 
0.3117 
0.4675 
0.4708 
0.3936 
0.8364 
0.3249 
0.4032 
0.3576 
0.2652 
0.4616 
0.4452 
0.8060 
0.4502 
0.2872 
0.8207 
0.7469 
0.4541 
0.1988 
0.4111 
0.4688 
0.5552 
0.4478 
0.5887 
0.5784 
0.2499 
0.3104 
0.3518 
0.3984 
0.4359 
0.5025 
0.4086 
0.7485 
0.2867 
0.6867 
0.5701 
0.4942 
0.5365 
0.1870 
0.4831 
0.8208 
0.5197 
0.5083 
0.3532 
0.4938 
0.5465 
0.5853 
0.4254 
0.4527 
0.9047 
0.0483 
0.9459 
0.5675 
0.7000 
0.1672 
0.3820 
0.4444 
0.5845 
0.1660 
0.5943 
0.2574 
0.5132 
0.6305 
0.5654 
0.7165 
0.7012 
0.3698 
0.5514 
0.3111 
0.2356 
0.6850 
0.5000 
0.4890 
0.6822 
0.6189 
0.5700 
0.7501 
0.6860 
0.5480 
0.3619 
0.3697 
0.7384 
0.1776 
0.4951 
0.1102 
0.7041 
0.6723 
0.5002 
0.4858 
0.0027 
0.6162 
0.0615 
0.0361 
0.5160 
0.3103 
0.5823 
0.6354 
0.6715 
0.3618 
0.5899 
0.5201 
0.6652 
0.6072 
0.6796 
0.4736 
0.4706 
0.7016 
0.0753 
0.3991 
0.2459 
0.4235 
0.6297 
0.6651 
0.2970 
0.4058 
0.5274 
0.4416 
0.5604 
0.5800 
0.3140 
0.4646 
0.0736 
0.7291 
0.3742 
0.2592 
0.4492 
0.2143 
0.4958 
0.3879 
0.9356 
0.7277 
0.0006 
0.5883 
0.2204 
0.4490 
0.5329 
0.6495 
0.4454 
0.8153 
0.4038 
0.5655 
0.6329 
0.5170 
0.6762 
0.5646 
0.3432 
0.1389 
0.8717 
0.3791 
0.5207 
0.6126 
0.5227 
0.3191 
0.4065 
0.4750 
0.7958 
0.3278 
0.6569 
0.5617 
0.4532 
0.2886 
0.4432 
0.4827 
0.2061 
0.5384 
0.3355 
0.4812 
0.5672 
0.3191 
0.4423 
0.5700 
0.1328 
0.7072 
0.9849 
0.6919 
0.4368 
0.5857 
0.2928 
0.8756 
0.6881 
0.6575 
0.3248 
0.5640 
0.3883 
0.4377 
0.3860 
0.2949 
0.3183 
0.4580 
0.1602 
0.6215 
0.4764 
0.6398 
0.5539 
0.5989 
0.2034 
0.2959 
0.4106 
0.5219 
0.7257 
0.4420 
0.7523 
0.5951 
0.7348 
0.5254 
0.3686 
0.2037 
0.5311 
0.6637 
0.4415 
0.3918 
0.4383 
0.2807 
0.4014 
0.4639 
0.5092 
0.4872 
0.6223 
0.5219 
0.8628 
0.5624 
0.8609 
0.3554 
0.6053 
0.4479 
0.6200 
0.6188 
0.0628 
0.2346 
0.2118 
0.5804 
0.7940 
0.4346 
0.6625 
0.6091 
0.2897 
0.5795 
0.3496 
0.8033 
0.4935 
0.8272 
0.4150 
0.6179 
0.4874 
0.0956 
0.3036 
0.6225 
0.4890 
0.2763 
0.3747 
0.5499 
0.3014 
0.6950 
0.3719 
0.8618 
0.2840 
0.5398 
0.1958 
0.3553 
0.3813 
0.5803 
0.6884 
0.5601 
0.4254 
0.6631 
0.6598 
0.5240 
0.6142 
0.5826 
0.3026 
0.6519 
0.3686 
0.3792 
0.5354 
0.4385 
0.4736 
0.6191 
0.7094 
0.4604 
0.5655 
0.4523 
0.5459 
0.5880 
0.3766 
0.5550 
0.6202 
0.5185 
0.8460 
0.3783 
0.3526 
0.1500 
0.6821 
0.6734 
0.4840 
0.6797 
0.5367 
0.5582 
0.5226 
0.5880 
0.5203 
0.2667 
0.6075 
0.8668 
0.0482 
0.6724 
0.5638 
0.2385 
0.4133 
0.5685 
0.2300 
0.6451 
0.4874 
0.6429 
0.4590 
0.4752 
0.7979 
0.7818 
0.7834 
0.6343 
0.2585 
0.6434 
0.8260 
0.5978 
0.7069 
0.6454 
0.4393 
0.5588 
0.3425 
0.6777 
0.2706 
0.2862 
0.3381 
0.7877 
0.5650 
0.3490 
0.7741 
0.1577 
0.4796 
0.4517 
0.5638 
0.5626 
0.3270 
0.4940 
0.4670 
0.6255 
0.7187 
0.7219 
0.3273 
0.5155 
0.2572 
0.2773 
0.4986 
0.8065 
0.3461 
0.5743 
0.4549 
0.7235 
0.2822 
0.5065 
0.6105 
0.7201 
0.8088 
0.5172 
0.2017 
0.3515 
0.2877 
0.9701 
0.3769 
0.6496 
0.4615 
0.6777 
0.3470 
0.2195 
0.2155 
0.5976 
0.4645 
0.4608 
0.7839 
0.5583 
0.5396 
0.8175 
0.3391 
0.6393 
0.6670 
0.4513 
0.5431 
0.2668 
0.2704 
0.5210 
0.6445 
0.3666 
0.5375 
0.4835 
0.1134 
0.4122 
0.1411 
0.6681 
0.3224 
0.5200 
0.3911 
0.5607 
0.3799 
0.5980 
0.6479 
0.8424 
0.4612 
0.0723 
0.3321 
0.7709 
0.2856 
0.6922 
0.5248 
0.7873 
0.1078 
0.4605 
0.2584 
0.6650 
0.7758 
0.2884 
0.4063 
0.4455 
0.7197 
0.4444 
0.6403 
0.0896 
0.4292 
0.3353 
0.1846 
0.6016 
0.5564 
0.5067 
0.2333 
0.7255 
0.5700 
0.4402 
0.5046 
0.4476 
0.1500 
0.4429 
0.3337 
0.3042 
0.2687 
0.3933 
0.0995 
0.6928 
0.6040 
0.4960 
0.4930 
0.3404 
0.7037 
0.4734 
0.3571 
0.7703 
0.4550 
0.3822 
0.4412 
0.3304 
0.2760 
0.8311 
0.5615 
0.2486 
0.3269 
0.4647 
0.6583 
0.2336 
0.0340 
0.2102 
0.5667 
0.5783 
0.5903 
0.4739 
0.5367 
0.4048 
0.6724 
0.2277 
0.5910 
0.3303 
0.4330 
0.6106 
0.7078 
0.2765 
0.7521 
0.6320 
0.4864 
0.4610 
0.4565 
0.4394 
0.5046 
0.5103 
0.6652 
0.8054 
0.5934 
0.4581 
0.6250 
0.5366 
0.2940 
0.6898 
0.5614 
0.5270 
0.6030 
0.5523 
0.3117 
0.4675 
0.4708 
0.3936 
0.8364 
0.3249 
0.4032 
0.3576 
0.2652 
0.4616 
0.4452 
0.8060 
0.4502 
0.2872 
0.8207 
0.7469 
0.4541 
0.1988 
0.4111 
0.4688 
0.5552 
0.4478 
0.5887 
0.5784 
0.2499 
0.3104 
0.3518 
0.3984 
0.4359 
0.5025 
0.4086 
0.7485 
0.2867 
0.6867 
0.5701 
0.4942 
0.5365 
0.1870 
0.4831 
0.8208 
0.5197 
0.5083 
0.3532 
0.4938 
0.5465 
0.5853 
0.4254 
0.4527 
0.9047 
0.0483 
0.9459 
0.5675 
0.7000 
0.1672 
0.3820 
0.4444 
0.5845 
0.1660 
0.5943 
0.2574 
0.5132 
0.6305 
0.5654 
0.7165 
0.7012 
0.3698 
0.5514 
0.3111 
0.2356 
0.6850 
0.5000 
0.4890 
0.6822 
0.6189 
0.5700 
0.7501 
0.6860 
0.5480 
0.3619 
0.3697 
0.7384 
0.1776 
0.4951 
0.1102 
0.7041 
0.6723 
0.5002 
0.4858 
0.0027 
0.6162 
0.0615 
0.0361 
0.5160 
0.3103 
0.5823 
0.6354 
0.6715 
0.3618 
0.5899 
0.5201 
0.6652 
0.6072 
0.6796 
0.4736 
0.4706 
0.7016 
0.0753 
0.3991 
0.2459 
0.4235 
0.6297 
0.6651 
0.2970 
0.4058 
0.5274 
0.4416 
0.5604 
0.5800 
0.3140 
0.4646 
0.0736 
0.7291 
0.3742 
0.2592 
0.4492 
0.2143 
0.4958 
0.3879 
0.9356 
0.7277 
0.0006 
0.5883 
0.2204 
0.4490 
0.5329 
0.6495 
0.4454 
0.8153 
0.4038 
0.5655 
0.6329 
0.5170 
0.6762 
0.5646 
0.3432 
0.1389 
0.8717 
0.3791 
0.5207 
0.6126 
0.5227 
0.3191 
0.4065 
0.4750 
0.7958 
0.3278 
0.6569 
0.5617 
0.4532 
0.2886 
0.4432 
0.4827 
0.2061 
0.5384 
0.3355 
0.4812 
0.5672 
0.3191 
0.4423 
0.5700 
0.1328 
0.7072 
0.9849 
0.6919 
0.4368 
0.5857 
0.2928 
0.8756 
0.6881 
0.6575 
0.3248 
0.5640 
0.3883 
0.4377 
0.3860 
0.2949 
0.3183 
0.4580 
0.1602 
0.6215 
0.4764 
0.6398 
0.5539 
0.5989 
0.2034 
0.2959 
0.4106 
0.5219 
0.7257 
0.4420 
0.7523 
0.5951 
0.7348 
0.5254 
0.3686 
0.2037 
0.5311 
0.6637 
0.4415 
0.3918 
0.4383 
0.2807 
0.4014 
0.4639 
0.5092 
0.4872 
0.6223 
0.5219 
0.8628 
0.5624 
0.8609 
0.3554 
0.6053 
0.4479 
0.6200 
0.6188 
0.0628 
0.2346 
0.2118 
0.5804 
0.7940 
0.4346 
0.6625 
0.6091 
0.2897 
0.5795 
0.3496 
0.8033 
0.4935 
0.8272 
0.4150 
0.6179 
0.4874 
0.0956 
0.3036 
0.6225 
0.4890 
0.2763 
0.3747 
0.5499 
0.3014 
0.6950 
0.3719 
0.8618 
0.2840 
0.5398 
0.1958 
0.3553 
0.3813 
0.5803 
0.6884 
0.5601 
0.4254 
0.6631 
0.6598 
0.5240 
0.6142 
0.5826 
0.3026 
0.6519 
0.3686 
0.3792 
0.5354 
0.4385 
0.4736 
0.6191 
0.7094 
0.4604 
0.5655 
0.4523 
0.5459 
0.5880 
0.3766 
0.5550 
0.6202 
0.5185 
0.8460 
0.3783 
0.3526 
0.1500 
0.6821 
0.6734 
0.4840 
0.6797 
0.5367 
0.5582 
0.5226 
0.5880 
0.5203 
0.2667 
0.6075 
0.8668 
0.0482 
0.6724 
0.5638 
0.2385 
0.4133 
0.5685 
0.2300 
0.6451 
0.4874 
0.6429 
0.4590 
0.4752 
0.7979 
0.7818 
0.7834 
0.6343 
0.2585 
0.6434 
0.8260 
0.5978 
0.7069 
0.6454 
0.4393 
0.5588 
0.3425 
0.6777 
0.2706 
0.2862 
0.3381 
0.7877 
0.5650 
0.3490 
0.7741 
0.1577 
0.4796 
0.4517 
0.5638 
0.5626 
0.3270 
0.4940 
0.4670 
0.6255 
0.7187 
0.7219 
0.3273 
0.5155 
0.2572 
0.2773 
0.4986 
0.8065 
0.3461 
0.5743 
0.4549 
0.7235 
0.2822 
0.5065 
0.6105 
0.7201 
0.8088 
0.5172 
0.2017 
0.3515 
0.2877 
0.9701 
0.3769 
0.6496 
0.4615 
0.6777 
0.3470 
0.2195 
0.2155 
0.5976 
0.4645 
0.4608 
0.7839 
0.5583 
0.5396 
0.8175 
0.3391 
0.6393 
0.6670 
0.4513 
0.5431 
0.2668 
0.2704 
0.5210 
0.6445 
0.3666 
0.5375 
0.4835 
0.1134 
0.4122 
0.1411 
0.6681 
0.3224 
0.5200 
0.3911 
0.5607 
0.3799 
0.5980 
0.6479 
0.8424 
0.4612 
0.0723 
0.3321 
0.7709 
0.2856 
0.6922 
0.5248 
0.7873 
0.1078 
0.4605 
0.2584 
0.6650 
0.7758 
0.2884 
0.4063 
0.4455 
0.7197 
0.4444 
0.6403 
0.0896 
0.4292 
0.3353 
0.1846 
0.6016 
0.5564 
0.5067 
0.2333 
0.7255 
0.5700 
0.4402 
0.5046 
0.4476 
0.1500 
0.4429 
0.3337 
0.3042 
0.2687 
0.3933 
0.0995 
0.6928 
0.6040 
0.4960 
0.4930 
0.3404 
0.7037 
0.4734 
0.3571 
0.7703 
0.4550 
0.3822 
0.4412 
0.3304 
0.2760 
0.8311 
0.5615 
0.2486 
0.3269 
0.4647 
0.6583 
0.2336 
0.0340 
0.2102 
0.5667 
0.5783 
0.5903 
0.4739 
0.5367 
0.4048 
0.6724 
0.2277 
0.5910 
0.3303 
0.4330 
0.6106 
0.7078 
0.2765 
0.7521 
0.6320 
0.4864 
0.4610 
0.4565 
0.4394 
0.5046 
0.5103 
0.6652 
0.8054 
0.5934 
0.4581 
0.6250 
0.5366 
0.2940 
0.6898 
0.5614 
0.5270 
0.6030 
0.5523 
0.3117 
0.4675 
0.4708 
0.3936 
0.8364 
0.3249 
0.4032 
0.3576 
0.2652 
0.4616 
0.4452 
0.8060 
0.4502 
0.2872 
0.8207 
0.7469 
0.4541 
0.1988 
0.4111 
0.4688 
0.5552 
0.4478 
0.5887 
0.5784 
0.2499 
0.3104 
0.3518 
0.3984 
0.4359 
0.5025 
0.4086 
0.7485 
0.2867 
0.6867 
0.5701 
0.4942 
0.5365 
0.1870 
0.4831 
0.8208 
0.5197 
0.5083 
0.3532 
0.4938 
0.5465 
0.5853 
0.4254 
0.4527 
0.9047 
0.0483 
0.9459 
0.5675 
0.7000 
0.1672 
0.3820 
0.4444 
0.5845 
0.1660 
0.5943 
0.2574 
0.5132 
0.6305 
0.5654 
0.7165 
0.7012 
0.3698 
0.5514 
0.3111 
0.2356 
0.6850 
0.5000 
0.4890 
0.6822 
0.6189 
0.5700 
0.7501 
0.6860 
0.5480 
0.3619 
0.3697 
0.7384 
0.1776 
0.4951 
0.1102 
0.7041 
0.6723 
0.5002 
0.4858 
0.0027 
0.6162 
0.0615 
0.0361 
0.5160 
0.3103 
0.5823 
0.6354 
0.6715 
0.3618 
0.5899 
0.5201 
0.6652 
0.6072 
0.6796 
0.4736 
0.4706 
0.7016 
0.0753 
0.3991 
0.2459 
0.4235 
0.6297 
0.6651 
0.2970 
0.4058 
0.5274 
0.4416 
0.5604 
0.5800 
0.3140 
0.4646 
0.0736 
0.7291 
0.3742 
0.2592 
0.4492 
0.2143 
0.4958 
0.3879 
0.9356 
0.7277 
0.0006 
0.5883 
0.2204 
0.4490 
0.5329 
0.6495 
0.4454 
0.8153 
0.4038 
0.5655 
0.6329 
0.5170 
0.6762 
0.5646 
0.3432 
0.1389 
0.8717 
0.3791 
0.5207 
0.6126 
0.5227 
0.3191 
0.4065 
0.4750 
0.7958 
0.3278 
0.6569 
0.5617 
0.4532 
0.2886 
0.4432 
0.4827 
0.2061 
0.5384 
0.3355 
0.4812 
0.5672 
0.3191 
0.4423 
0.5700 
0.1328 
0.7072 
0.9849 
0.6919 
0.4368 
0.5857 
0.2928 
0.8756 
0.6881 
0.6575 
0.3248 
0.5640 
0.3883 
0.4377 
0.3860 
0.2949 
0.3183 
0.4580 
0.1602 
0.6215 
0.4764 
0.6398 
0.5539 
0.5989 
0.2034 
0.2959 
0.4106 
0.5219 
0.7257 
0.4420 
0.7523 
0.5951 
0.7348 
0.5254 
0.3686 
0.2037 
0.5311 
0.6637 
0.4415 
0.3918 
0.4383 
0.2807 
0.4014 
0.4639 
0.5092 
0.4872 
0.6223 
0.5219 
0.8628 
0.5624 
0.8609 
0.3554 
0.6053 
0.4479 
0.6200 
0.6188 
0.0628 
0.2346 
0.2118 
0.5804 
0.7940 
0.4346 
0.6625 
0.6091 
0.2897 
0.5795 
0.3496 
0.8033 
0.4935 
0.8272 
0.4150 
0.6179 
0.4874 
0.0956 
0.3036 
0.6225 
0.4890 
0.2763 
0.3747 
0.5499 
0.3014 
0.6950 
0.3719 
0.8618 
0.2840 
0.5398 
0.1958 
0.3553 
0.3813 
0.5803 
0.6884 
0.5601 
0.4254 
0.6631 
0.6598 
0.5240 
0.6142 
0.5826 
0.3026 
0.6519 
0.3686 
0.3792 
0.5354 
0.4385 
0.4736 
0.6191 
0.7094 
0.4604 
0.5655 
0.4523 
0.5459 
0.5880 
0.3766 
0.5550 
0.6202 
0.5185 
0.8460 
0.3783 
0.3526 
0.1500 
0.6821 
0.6734 
0.4840 
0.6797 
0.5367 
0.5582 
0.5226 
0.5880 
0.5203 
0.2667 
0.6075 
0.8668 
0.0482 
0.6724 
0.5638 
0.2385 
0.4133 
0.5685 
0.2300 
0.6451 
0.4874 
0.6429 
0.4590 
0.4752 
0.7979 
0.7818 
0.7834 
0.6343 
0.2585 
0.6434 
0.8260 
0.5978 
0.7069 
0.6454 
0.4393 
0.5588 
0.3425 
0.6777 
0.2706 
0.2862 
0.3381 
0.7877 
0.5650 
0.3490 
0.7741 
0.1577 
0.4796 
0.4517 
0.5638 
0.5626 
0.3270 
0.4940 
0.4670 
0.6255 
0.7187 
0.7219 
0.3273 
0.5155 
0.2572 
0.2773 
0.4986 
0.8065 
0.3461 
0.5743 
0.4549 
0.7235 
0.2822 
0.5065 
0.6105 
0.7201 
0.8088 
0.5172 
0.2017 
0.3515 
0.2877 
0.9701 
0.3769 
0.6496 
0.4615 
0.6777 
0.3470 
0.2195 
0.2155 
0.5976 
0.4645 
0.4608 
0.7839 
0.5583 
0.5396 
0.8175 
0.3391 
0.6393 
0.6670 
0.4513 
0.5431 
0.2668 
0.2704 
0.5210 
0.6445 
0.3666 
0.5375 
0.4835 
0.1134 
0.4122 
0.1411 
0.6681 
0.3224 
0.5200 
0.3911 
0.5607 
0.3799 
0.5980 
0.6479 
0.8424 
0.4612 
0.0723 
0.3321 
0.7709 
0.2856 
0.6922 
0.5248 
0.7873 
0.1078 
0.4605 
0.2584 
0.6650 
0.7758 
0.2884 
0.4063 
0.4455 
0.7197 
0.4444 
0.6403 
0.0896 
0.4292 
0.3353 
0.1846 
0.6016 
0.5564 
0.5067 
0.2333 
0.7255 
0.5700 
0.4402 
0.5046 
0.4476 
0.1500 
0.4429 
0.3337 
0.3042 
0.2687 
0.3933 
0.0995 
0.6928 
0.6040 
0.4960 
0.4930 
0.3404 
0.7037 
0.4734 
0.3571 
0.7703 
0.4550 
0.3822 
0.4412 
0.3304 
0.2760 
0.8311 
0.5615 
0.2486 
0.3269 
0.4647 
0.6583 
0.2336 
0.0340 
0.2102 
0.5667 
0.5783 
0.5903 
0.4739 
0.5367 
0.4048 
0.6724 
0.2277 
0.5910 
0.3303 
0.4330 
0.6106 
0.7078 
0.2765 
0.7521 
0.6320 
0.4864 
0.4610 
0.4565 
0.4394 
0.5046 
0.5103 
0.6652 
0.8054 
0.5934 
0.4581 
0.6250 
0.5366 
0.2940 
0.6898 
0.5614 
0.5270 
0.6030 
0.5523 
0.3117 
0.4675 
0.4708 
0.3936 
0.8364 
0.3249 
0.4032 
0.3576 
0.2652 
0.4616 
0.4452 
0.8060 
0.4502 
0.2872 
0.8207 
0.7469 
0.4541 
0.1988 
0.4111 
0.4688 
0.5552 
0.4478 
0.5887 
0.5784 
0.2499 
0.3104 
0.3518 
0.3984 
0.4359 
0.5025 
0.4086 
0.7485 
0.2867 
0.6867 
0.5701 
0.4942 
0.5365 
0.1870 
0.4831 
0.8208 
0.5197 
0.5083 
0.3532 
0.4938 
0.5465 
0.5853 
0.4254 
0.4527 
0.9047 
0.0483 
0.9459 
0.5675 
0.7000 
0.1672 
0.3820 
0.4444 
0.5845 
0.1660 
0.5943 
0.2574 
0.5132 
0.6305 
0.5654 
0.7165 
0.7012 
0.3698 
0.5514 
0.3111 
0.2356 
0.6850 
0.5000 
0.4890 
0.6822 
0.6189 
0.5700 
0.7501 
0.6860 
0.5480 
0.3619 
0.3697 
0.7384 
0.1776 
0.4951 
0.1102 
0.7041 
0.6723 
0.5002 
0.4858 
0.0027 
0.6162 
0.0615 
0.0361 
0.5160 
0.3103 
0.5823 
0.6354 
0.6715 
0.3618 
0.5899 
0.5201 
0.6652 
0.6072 
0.6796 
0.4736 
0.4706 
0.7016 
0.0753 
0.3991 
0.2459 
0.4235 
0.6297 
0.6651 
0.2970 
0.4058 
0.5274 
0.4416 
0.5604 
0.5800 
0.3140 
0.4646 
0.0736 
0.7291 
0.3742 
0.2592 
0.4492 
0.2143 
0.4958 
0.3879 
0.9356 
0.7277 
0.0006 
0.5883 
0.2204 
0.4490 
0.5329 
0.6495 
0.4454 
0.8153 
0.4038 
0.5655 
0.6329 
0.5170 
0.6762 
0.5646 
0.3432 
0.1389 
0.8717 
0.3791 
0.5207 
0.6126 
0.5227 
0.3191 
0.4065 
0.4750 
0.7958 
0.3278 
0.6569 
0.5617 
0.4532 
0.2886 
0.4432 
0.4827 
0.2061 
0.5384 
0.3355 
0.4812 
0.5672 
0.3191 
0.4423 
0.5700 
0.1328 
0.7072 
0.9849 
0.6919 
0.4368 
0.5857 
0.2928 
0.8756 
0.6881 
0.6575 
0.3248 
0.5640 
0.3883 
0.4377 
0.3860 
0.2949 
0.3183 
0.4580 
0.1602 
0.6215 
0.4764 
0.6398 
0.5539 
0.5989 
0.2034 
0.2959 
0.4106 
0.5219 
0.7257 
0.4420 
0.7523 
0.5951 
0.7348 
0.5254 
0.3686 
0.2037 
0.5311 
0.6637 
0.4415 
0.3918 
0.4383 
0.2807 
0.4014 
0.4639 
0.5092 
0.4872 
0.6223 
0.5219 
0.8628 
0.5624 
0.8609 
0.3554 
0.6053 
0.4479 
0.6200 
0.6188 
0.0628 
0.2346 
0.2118 
0.5804 
0.7940 
0.4346 
0.6625 
0.6091 
0.2897 
0.5795 
0.3496 
0.8033 
0.4935 
0.8272 
0.4150 
0.6179 
0.4874 
0.0956 
0.3036 
0.6225 
0.4890 
0.2763 
0.3747 
0.5499 
0.3014 
0.6950 
0.3719 
0.8618 
0.2840 
0.5398 
0.1958 
0.3553 
0.3813 
0.5803 
0.6884 
0.5601 
0.4254 
0.6631 
0.6598 
0.5240 
0.6142 
0.5826 
0.3026 
0.6519 
0.3686 
0.3792 
0.5354 
0.4385 
0.4736 
0.6191 
0.7094 
0.4604 
0.5655 
0.4523 
0.5459 
0.5880 
0.3766 
0.5550 
0.6202 
0.5185 
0.8460 
0.3783 
0.3526 
0.1500 
0.6821 
0.6734 
0.4840 
0.6797 
0.5367 
0.5582 
0.5226 
0.5880 
0.5203 
0.2667 
0.6075 
0.8668 
0.0482 
0.6724 
0.5638 
0.2385 
0.4133 
0.5685 
0.2300 
0.6451 
0.4874 
0.6429 
0.4590 
0.4752 
0.7979 
0.7818 
0.7834 
0.6343 
0.2585 
0.6434 
0.8260 
0.5978 
0.7069 
0.6454 
0.4393 
0.5588 
0.3425 
0.6777 
0.2706 
0.2862 
0.3381 
0.7877 
0.5650 
0.3490 
0.7741 
0.1577 
0.4796 
0.4517 
0.5638 
0.5626 
0.3270 
0.4940 
0.4670 
0.6255 
0.7187 
0.7219 
0.3273 
0.5155 
0.2572 
0.2773 
0.4986 
0.8065 
0.3461 
0.5743 
0.4549 
0.7235 
0.2822 
0.5065 
0.6105 
0.7201 
0.8088 
0.5172 
0.2017 
0.3515 
0.2877 
0.9701 
0.3769 
0.6496 
0.4615 
0.6777 
0.3470 
0.2195 
0.2155 
0.5976 
0.4645 
0.4608 
0.7839 
0.5583 
0.5396 
0.8175 
0.3391 
0.6393 
0.6670 
0.4513 
0.5431 
0.2668 
0.2704 
0.5210 
0.6445 
0.3666 
0.5375 
0.4835 
0.1134 
0.4122 
0.1411 
0.6681 
0.3224 
0.5200 
0.3911 
0.5607 
0.3799 
0.5980 
0.6479 
0.8424 
0.4612 
0.0723 
0.3321 
0.7709 
0.2856 
0.6922 
0.5248 
0.7873 
0.1078 
0.4605 
0.2584 
0.6650 
0.7758 
0.2884 
0.4063 
0.4455 
0.7197 
0.4444 
0.6403 
0.0896 
0.4292 
0.3353 
0.1846 
0.6016 
0.5564 
0.5067 
0.2333 
0.7255 
0.5700 
0.4402 
0.5046 
0.4476 
0.1500 
0.4429 
0.3337 
0.3042 
0.2687 
0.3933 
0.0995 
0.6928 
0.6040 
0.4960 
0.4930 
0.3404 
0.7037 
0.4734 
0.3571 
0.7703 
0.4550 
0.3822 
0.4412 
0.3304 
0.2760 
0.8311 
0.5615 
0.2486 
0.3269 
0.4647 
0.6583 
0.2336 
0.0340 
0.2102 
0.5667 
0.5783 
0.5903 
0.4739 
0.5367 
0.4048 
0.6724 
0.2277 
0.5910 
0.3303 
0.4330 
0.6106 
0.7078 
0.2765 
0.7521 
0.6320 
0.4864 
0.4610 
0.4565 
0.4394 
0.5046 
0.5103 
0.6652 
0.8054 
0.5934 
0.4581 
0.6250 
0.5366 
0.2940 
0.6898 
0.5614 
0.5270 
0.6030 
0.5523 
0.3117 
0.4675 
0.4708 
0.3936 
0.8364 
0.3249 
0.4032 
0.3576 
0.2652 
0.4616 
0.4452 
0.8060 
0.4502 
0.2872 
0.8207 
0.7469 
0.4541 
0.1988 
0.4111 
0.4688 
0.5552 
0.4478 
0.5887 
0.5784 
0.2499 
0.3104 
0.3518 
0.3984 
0.4359 
0.5025 
0.4086 
0.7485 
0.2867 
0.6867 
0.5701 
0.4942 
0.5365 
0.1870 
0.4831 
0.8208 
0.5197 
0.5083 
0.3532 
0.4938 
0.5465 
0.5853 
0.4254 
0.4527 
0.9047 
0.0483 
0.9459 
0.5675 
0.7000 
0.1672 
0.3820 
0.4444 
0.5845 
0.1660 
0.5943 
0.2574 
0.5132 
0.6305 
0.5654 
0.7165 
0.7012 
0.3698 
0.5514 
0.3111 
0.2356 
0.6850 
0.5000 
0.4890 
0.6822 
0.6189 
0.5700 
0.7501 
0.6860 
0.5480 
0.3619 
0.3697 
0.7384 
0.1776 
0.4951 
0.1102 
0.7041 
0.6723 
0.5002 
0.4858 
0.0027 
0.6162 
0.0615 
0.0361 
0.5160 
0.3103 
0.5823 
0.6354 
0.6715 
0.3618 
0.5899 
0.5201 
0.6652 
0.6072 
0.6796 
0.4736 
0.4706 
0.7016 
0.0753 
0.3991 
0.2459 
0.4235 
0.6297 
0.6651 
0.2970 
0.4058 
0.5274 
0.4416 
0.5604 
0.5800 
0.3140 
0.4646 
0.0736 
0.7291 
0.3742 
0.2592 
0.4492 
0.2143 
0.4958 
0.3879 
0.9356 
0.7277 
0.0006 
0.5883 
0.2204 
0.4490 
0.5329 
0.6495 
0.4454 
0.8153 
0.4038 
0.5655 
0.6329 
0.5170 
0.6762 
0.5646 
0.3432 
0.1389 
0.8717 
0.3791 
0.5207 
0.6126 
0.5227 
0.3191 
0.4065 
0.4750 
0.7958 
0.3278 
0.6569 
0.5617 
0.4532 
0.2886 
0.4432 
0.4827 
0.2061 
0.5384 
0.3355 
0.4812 
0.5672 
0.3191 
0.4423 
0.5700 
0.1328 
0.7072 
0.9849 
0.6919 
0.4368 
0.5857 
0.2928 
0.8756 
0.6881 
0.6575 
0.3248 
0.5640 
0.3883 
0.4377 
0.3860 
0.2949 
0.3183 
0.4580 
0.1602 
0.6215 
0.4764 
0.6398 
0.5539 
0.5989 
0.2034 
0.2959 
0.4106 
0.5219 
0.7257 
0.4420 
0.7523 
0.5951 
0.7348 
0.5254 
0.3686 
0.2037 
0.5311 
0.6637 
0.4415 
0.3918 
0.4383 
0.2807 
0.4014 
0.4639 
0.5092 
0.4872 
0.6223 
0.5219 
0.8628 
0.5624 
0.8609 
0.3554 
0.6053 
0.4479 
0.6200 
0.6188 
0.0628 
0.2346 
0.2118 
0.5804 
0.7940 
0.4346 
0.6625 
0.6091 
0.2897 
0.5795 
0.3496 
0.8033 
0.4935 
0.8272 
0.4150 
0.6179 
0.4874 
0.0956 
0.3036 
0.6225 
0.4890 
0.2763 
0.3747 
0.5499 
0.3014 
0.6950 
0.3719 
0.8618 
0.2840 
0.5398 
0.1958 
0.3553 
0.3813 
0.5803 
0.6884 
0.5601 
0.4254 
0.6631 
0.6598 
0.5240 
0.6142 
0.5826 
0.3026 
0.6519 
0.3686 
0.3792 
0.5354 
0.4385 
0.4736 
0.6191 
0.7094 
0.4604 
0.5655 
0.4523 
0.5459 
0.5880 
0.3766 
0.5550 
0.6202 
0.5185 
0.8460 
0.3783 
0.3526 
0.1500 
0.6821 
0.6734 
0.4840 
0.6797 
0.5367 
0.5582 
0.5226 
0.5880 
0.5203 
0.2667 
0.6075 
0.8668 
0.0482 
0.6724 
0.5638 
0.2385 
0.4133 
0.5685 
0.2300 
0.6451 
0.4874 
0.6429 
0.4590 
0.4752 
0.7979 
0.7818 
0.7834 
0.6343 
0.2585 
0.6434 
0.8260 
0.5978 
0.7069 
0.6454 
0.4393 
0.5588 
0.3425 
0.6777 
0.2706 
0.2862 
0.3381 
0.7877 
0.5650 
0.3490 
0.7741 
0.1577 
0.4796 
0.4517 
0.5638 
0.5626 
0.3270 
0.4940 
0.4670 
0.6255 
0.7187 
0.7219 
0.3273 
0.5155 
0.2572 
0.2773 
0.4986 
0.8065 
0.3461 
0.5743 
0.4549 
0.7235 
0.2822 
0.5065 
0.6105 
0.7201 
0.8088 
0.5172 
0.2017 
0.3515 
0.2877 
0.9701 
0.3769 
0.6496 
0.4615 
0.6777 
0.3470 
0.2195 
0.2155 
0.5976 
0.4645 
0.4608 
0.7839 
0.5583 
0.5396 
0.8175 
0.3391 
0.6393 
0.6670 
0.4513 
0.5431 
0.2668 
0.2704 
0.5210 
0.6445 
0.3666 
0.5375 
0.4835 
0.1134 
0.4122 
0.1411 
0.6681 
0.3224 
0.5200 
0.3911 
0.5607 
0.3799 
0.5980 
0.6479 
0.8424 
0.4612 
0.0723 
0.3321 
0.7709 
0.2856 
0.6922 
0.5248 
0.7873 
0.1078 
0.4605 
0.2584 
0.6650 
0.7758 
0.2884 
0.4063 
0.4455 
0.7197 
0.4444 
0.6403 
0.0896 
0.4292 
0.3353 
0.1846 
0.6016 
0.5564 
0.5067 
0.2333 
0.7255 
0.5700 
0.4402 
0.5046 
0.4476 
0.1500 
0.4429 
0.3337 
0.3042 
0.2687 
0.3933 
0.0995 
0.6928 
0.6040 
0.4960 
0.4930 
0.3404 
0.7037 
0.4734 
0.3571 
0.7703 
0.4550 
0.3822 
0.4412 
0.3304 
0.2760 
0.8311 
0.5615 
0.2486 
0.3269 
0.4647 
0.6583 
0.2336 
0.0340 
0.2102 
0.5667 
0.5783 
0.5903 
0.4739 
0.5367 
0.4048 
0.6724 
0.2277 
0.5910 
0.3303 
0.4330 
0.6106 
0.7078 
0.2765 
0.7521 
0.6320 
0.4864 
0.4610 
0.4565 
0.4394 
0.5046 
0.5103 
0.6652 
0.8054 
0.5934 
0.4581 
0.6250 
0.5366 
0.2940 
0.6898 
0.5614 
0.5270 
0.6030 
0.5523 
0.3117 
0.4675 
0.4708 
0.3936 
0.8364 
0.3249 
0.4032 
0.3576 
0.2652 
0.4616 
0.4452 
0.8060 
0.4502 
0.2872 
0.8207 
0.7469 
0.4541 
0.1988 
0.4111 
0.4688 
0.5552 
0.4478 
0.5887 
0.5784 
0.2499 
0.3104 
0.3518 
0.3984 
0.4359 
0.5025 
0.4086 
0.7485 
0.2867 
0.6867 
0.5701 
0.4942 
0.5365 
0.1870 
0.4831 
0.8208 
0.5197 
0.5083 
0.3532 
0.4938 
0.5465 
0.5853 
0.4254 
0.4527 
0.9047 
0.0483 
0.9459 
0.5675 
0.7000 
0.1672 
0.3820 
0.4444 
0.5845 
0.1660 
0.5943 
0.2574 
0.5132 
0.6305 
0.5654 
0.7165 
0.7012 
0.3698 
0.5514 
0.3111 
0.2356 
0.6850 
0.5000 
0.4890 
0.6822 
0.6189 
0.5700 
0.7501 
0.6860 
0.5480 
0.3619 
0.3697 
0.7384 
0.1776 
0.4951 
0.1102 
0.7041 
0.6723 
0.5002 
0.4858 
0.0027 
0.6162 
0.0615 
0.0361 
0.5160 
0.3103 
0.5823 
0.6354 
0.6715 
0.3618 
0.5899 
0.5201 
0.6652 
0.6072 
0.6796 
0.4736 
0.4706 
0.7016 
0.0753 
0.3991 
0.2459 
0.4235 
0.6297 
0.6651 
0.2970 
0.4058 
0.5274 
0.4416 
0.5604 
0.5800 
0.3140 
0.4646 
0.0736 
0.7291 
0.3742 
0.2592 
0.4492 
0.2143 
0.4958 
0.3879 
0.9356 
0.7277 
0.0006 
0.5883 
0.2204 
0.4490 
0.5329 
0.6495 
0.4454 
0.8153 
0.4038 
0.5655 
0.6329 
0.5170 
0.6762 
0.5646 
0.3432 
0.1389 
0.8717 
0.3791 
0.5207 
0.6126 
0.5227 
0.3191 
0.4065 
0.4750 
0.7958 
0.3278 
0.6569 
0.5617 
0.4532 
0.2886 
0.4432 
0.4827 
0.2061 
0.5384 
0.3355 
0.4812 
0.5672 
0.3191 
0.4423 
0.5700 
0.1328 
0.7072 
0.9849 
0.6919 
0.4368 
0.5857 
0.2928 
0.8756 
0.6881 
0.6575 
0.3248 
0.5640 
0.3883 
0.4377 
0.3860 
0.2949 
0.3183 
0.4580 
0.1602 
0.6215 
0.4764 
0.6398 
0.5539 
0.5989 
0.2034 
0.2959 
0.4106 
0.5219 
0.7257 
0.4420 
0.7523 
0.5951 
0.7348 
0.5254 
0.3686 
0.2037 
0.5311 
0.6637 
0.4415 
0.3918 
0.4383 
0.2807 
0.4014 
0.4639 
0.5092 
0.4872 
0.6223 
0.5219 
0.8628 
0.5624 
0.8609 
0.3554 
0.6053 
0.4479 
0.6200 
0.6188 
0.0628 
0.2346 
0.2118 
0.5804 
0.7940 
0.4346 
0.6625 
0.6091 
0.2897 
0.5795 
0.3496 
0.8033 
0.4935 
0.8272 
0.4150 
0.6179 
0.4874 
0.0956 
0.3036 
0.6225 
0.4890 
0.2763 
0.3747 
0.5499 
0.3014 
0.6950 
0.3719 
0.8618 
0.2840 
0.5398 
0.1958 
0.3553 
0.3813 
0.5803 
0.6884 
0.5601 
0.4254 
0.6631 
0.6598 
0.5240 
0.6142 
0.5826 
0.3026 
0.6519 
0.3686 
0.3792 
0.5354 
0.4385 
0.4736 
0.6191 
0.7094 
0.4604 
0.5655 
0.4523 
0.5459 
0.5880 
0.3766 
0.5550 
0.6202 
0.5185 
0.8460 
0.3783 
0.3526 
0.1500 
0.6821 
0.6734 
0.4840 
0.6797 
0.5367 
0.5582 
0.5226 
0.5880 
0.5203 
0.2667 
0.6075 
0.8668 
0.0482 
0.6724 
0.5638 
0.2385 
0.4133 
0.5685 
0.2300 
0.6451 
0.4874 
0.6429 
0.4590 
0.4752 
0.7979 
0.7818 
0.7834 
0.6343 
0.2585 
0.6434 
0.8260 
0.5978 
0.7069 
0.6454 
0.4393 
0.5588 
0.3425 
0.6777 
0.2706 
0.2862 
0.3381 
0.7877 
0.5650 
0.3490 
0.7741 
0.1577 
0.4796 
0.4517 
0.5638 
0.5626 
0.3270 
0.4940 
0.4670 
0.6255 
0.7187 
0.7219 
0.3273 
0.5155 
0.2572 
0.2773 
0.4986 
0.8065 
0.3461 
0.5743 
0.4549 
0.7235 
0.2822 
0.5065 
0.6105 
0.7201 
0.8088 
0.5172 
0.2017 
0.3515 
0.2877 
0.9701 
0.3769 
0.6496 
0.4615 
0.6777 
0.3470 
0.2195 
0.2155 
0.5976 
0.4645 
0.4608 
0.7839 
0.5583 
0.5396 
0.8175 
0.3391 
0.6393 
0.6670 
0.4513 
0.5431 
0.2668 
0.2704 
0.5210 
0.6445 
0.3666 
0.5375 
0.4835 
0.1134 
0.4122 
0.1411 
0.6681 
0.3224 
0.5200 
0.3911 
0.5607 
0.3799 
0.5980 
0.6479 
0.8424 
0.4612 
0.0723 
0.3321 
0.7709 
0.2856 
0.6922 
0.5248 
0.7873 
0.1078 
0.4605 
0.2584 
0.6650 
0.7758 
0.2884 
0.4063 
0.4455 
0.7197 
0.4444 
0.6403 
0.0896 
0.4292 
0.3353 
0.1846 
0.6016 
0.5564 
0.5067 
0.2333 
0.7255 
0.5700 
0.4402 
0.5046 
0.4476 
0.1500 
0.4429 
0.3337 
0.3042 
0.2687 
0.3933 
0.0995 
0.6928 
0.6040 
0.4960 
0.4930 
0.3404 
0.7037 
0.4734 
0.3571 
0.7703 
0.4550 
0.3822 
0.4412 
0.3304 
0.2760 
0.8311 
0.5615 
0.2486 
0.3269 
0.4647 
0.6583 
0.2336 
0.0340 
0.2102 
0.5667 
0.5783 
0.5903 
0.4739 
0.5367 
0.4048 
0.6724 
0.2277 
0.5910 
0.3303 
0.4330 
0.6106 
0.7078 
0.2765 
0.7521 
0.6320 
0.4864 
0.4610 
0.4565 
0.4394 
0.5046 
0.5103 
0.6652 
0.8054 
0.5934 
0.4581 
0.6250 
0.5366 
0.2940 
0.6898 
0.5614 
0.5270 
0.6030 
0.5523 
0.3117 
0.4675 
0.4708 
0.3936 
0.8364 
0.3249 
0.4032 
0.3576 
0.2652 
0.4616 
0.4452 
0.8060 
0.4502 
0.2872 
0.8207 
0.7469 
0.4541 
0.1988 
0.4111 
0.4688 
0.5552 
0.4478 
0.5887 
0.5784 
0.2499 
0.3104 
0.3518 
0.3984 
0.4359 
0.5025 
0.4086 
0.7485 
0.2867 
0.6867 
0.5701 
0.4942 
0.5365 
0.1870 
0.4831 
0.8208 
0.5197 
0.5083 
0.3532 
0.4938 
0.5465 
0.5853 
0.4254 
0.4527 
0.9047 
0.0483 
0.9459 
0.5675 
0.7000 
0.1672 
0.3820 
0.4444 
0.5845 
0.1660 
0.5943 
0.2574 
0.5132 
0.6305 
0.5654 
0.7165 
0.7012 
0.3698 
0.5514 
0.3111 
0.2356 
0.6850 
0.5000 
0.4890 
0.6822 
0.6189 
0.5700 
0.7501 
0.6860 
0.5480 
0.3619 
0.3697 
0.7384 
0.1776 
0.4951 
0.1102 
0.7041 
0.6723 
0.5002 
0.4858 
0.0027 
0.6162 
0.0615 
0.0361 
0.5160 
0.3103 
0.5823 
0.6354 
0.6715 
0.3618 
0.5899 
0.5201 
0.6652 
0.6072 
0.6796 
0.4736 
0.4706 
0.7016 
0.0753 
0.3991 
0.2459 
0.4235 
0.6297 
0.6651 
0.2970 
0.4058 
0.5274 
0.4416 
0.5604 
0.5800 
0.3140 
0.4646 
0.0736 
0.7291 
0.3742 
0.2592 
0.4492 
0.2143 
0.4958 
0.3879 
0.9356 
0.7277 
0.0006 
0.5883 
0.2204 
0.4490 
0.5329 
0.6495 
0.4454 
0.8153 
0.4038 
0.5655 
0.6329 
0.5170 
0.6762 
0.5646 
0.3432 
0.1389 
0.8717 
0.3791 
0.5207 
0.6126 
0.5227 
0.3191 
0.4065 
0.4750 
0.7958 
0.3278 
0.6569 
0.5617 
0.4532 
0.2886 
0.4432 
0.4827 
0.2061 
0.5384 
0.3355 
0.4812 
0.5672 
0.3191 
0.4423 
0.5700 
0.1328 
0.7072 
0.9849 
0.6919 
0.4368 
0.5857 
0.2928 
0.8756 
0.6881 
0.6575 
0.3248 
0.5640 
0.3883 
0.4377 
0.3860 
0.2949 
0.3183 
0.4580 
0.1602 
0.6215 
0.4764 
0.6398 
0.5539 
0.5989 
0.2034 
0.2959 
0.4106 
0.5219 
0.7257 
0.4420 
0.7523 
0.5951 
0.7348 
0.5254 
0.3686 
0.2037 
0.5311 
0.6637 
0.4415 
0.3918 
0.4383 
0.2807 
0.4014 
0.4639 
0.5092 
0.4872 
0.6223 
0.5219 
0.8628 
0.5624 
0.8609 
0.3554 
0.6053 
0.4479 
0.6200 
0.6188 
0.0628 
0.2346 
0.2118 
0.5804 
0.7940 
0.4346 
0.6625 
0.6091 
0.2897 
0.5795 
0.3496 
0.8033 
0.4935 
0.8272 
0.4150 
0.6179 
0.4874 
0.0956 
0.3036 
0.6225 
0.4890 
0.2763 
0.3747 
0.5499 
0.3014 
0.6950 
0.3719 
0.8618 
0.2840 
0.5398 
0.1958 
0.3553 
0.3813 
0.5803 
0.6884 
0.5601 
0.4254 
0.6631 
0.6598 
0.5240 
0.6142 
0.5826 
0.3026 
0.6519 
0.3686 
0.3792 
0.5354 
0.4385 
0.4736 
0.6191 
0.7094 
0.4604 
0.5655 
0.4523 
0.5459 
0.5880 
0.3766 
0.5550 
0.6202 
0.5185 
0.8460 
0.3783 
0.3526 
0.1500 
0.6821 
0.6734 
0.4840 
0.6797 
0.5367 
0.5582 
0.5226 
0.5880 
0.5203 
0.2667 
0.6075 
0.8668 
0.0482 
0.6724 
0.5638 
0.2385 
0.4133 
0.5685 
0.2300 
0.6451 
0.4874 
0.6429 
0.4590 
0.4752 
0.7979 
0.7818 
0.7834 
0.6343 
0.2585 
0.6434 
0.8260 
0.5978 
0.7069 
0.6454 
0.4393 
0.5588 
0.3425 
0.6777 
0.2706 
0.2862 
0.3381 
0.7877 
0.5650 
0.3490 
0.7741 
0.1577 
0.4796 
0.4517 
0.5638 
0.5626 
0.3270 
0.4940 
0.4670 
0.6255 
0.7187 
0.7219 
0.3273 
0.5155 
0.2572 
0.2773 
0.4986 
0.8065 
0.3461 
0.5743 
0.4549 
0.7235 
0.2822 
0.5065 
0.6105 
0.7201 
0.8088 
0.5172 
0.2017 
0.3515 
0.2877 
0.9701 
0.3769 
0.6496 
0.4615 
0.6777 
0.3470 
0.2195 
0.2155 
0.5976 
0.4645 
0.4608 
0.7839 
0.5583 
0.5396 
0.8175 
0.3391 
0.6393 
0.6670 
0.4513 
0.5431 
0.2668 
0.2704 
0.5210 
0.6445 
0.3666 
0.5375 
0.4835 
0.1134 
0.4122 
0.1411 
0.6681 
0.3224 
0.5200 
0.3911 
0.5607 
0.3799 
0.5980 
0.6479 
0.8424 
0.4612 
0.0723 
0.3321 
0.7709 
0.2856 
0.6922 
0.5248 
0.7873 
0.1078 
0.4605 
0.2584 
0.6650 
0.7758 
0.2884 
0.4063 
0.4455 
0.7197 
0.4444 
0.6403 
0.0896 
0.4292 
0.3353 
0.1846 
0.6016 
0.5564 
0.5067 
0.2333 
0.7255 
0.5700 
0.4402 
0.5046 
0.4476 
0.1500 
0.4429 
0.3337 
0.3042 
0.2687 
0.3933 
0.0995 
0.6928 
0.6040 
0.4960 
0.4930 
0.3404 
0.7037 
0.4734 
0.3571 
0.7703 
0.4550 
0.3822 
0.4412 
0.3304 
0.2760 
0.8311 
0.5615 
0.2486 
0.3269 
0.4647 
0.6583 
0.2336 
0.0340 
0.2102 
0.5667 
0.5783 
0.5903 
0.4739 
0.5367 
0.4048 
0.6724 
0.2277 
0.5910 
0.3303 
0.4330 
0.6106 
0.7078 
0.2765 
0.7521 
0.6320 
0.4864 
0.4610 
0.4565 
0.4394 
0.5046 
0.5103 
0.6652 
0.8054 
0.5934 
0.4581 
0.6250 
0.5366 
0.2940 
0.6898 
0.5614 
0.5270 
0.6030 
0.5523 
0.3117 
0.4675 
0.4708 
0.3936 
0.8364 
0.3249 
0.4032 
0.3576 
0.2652 
0.4616 
0.4452 
0.8060 
0.4502 
0.2872 
0.8207 
0.7469 
0.4541 
0.1988 
0.4111 
0.4688 
0.5552 
0.4478 
0.5887 
0.5784 
0.2499 
0.3104 
0.3518 
0.3984 
0.4359 
0.5025 
0.4086 
0.7485 
0.2867 
0.6867 
0.5701 
0.4942 
0.5365 
0.1870 
0.4831 
0.8208 
0.5197 
0.5083 
0.3532 
0.4938 
0.5465 
0.5853 
0.4254 
0.4527 
0.9047 
0.0483 
0.9459 
0.5675 
0.7000 
0.1672 
0.3820 
0.4444 
0.5845 
0.1660 
0.5943 
0.2574 
0.5132 
0.6305 
0.5654 
0.7165 
0.7012 
0.3698 
0.5514 
0.3111 
0.2356 
0.6850 
0.5000 
0.4890 
0.6822 
0.6189 
0.5700 
0.7501 
0.6860 
0.5480 
0.3619 
0.3697 
0.7384 
0.1776 
0.4951 
0.1102 
0.7041 
0.6723 
0.5002 
0.4858 
0.0027 
0.6162 
0.0615 
0.0361 
0.5160 
0.3103 
0.5823 
0.6354 
0.6715 
0.3618 
0.5899 
0.5201 
0.6652 
0.6072 
0.6796 
0.4736 
0.4706 
0.7016 
0.0753 
0.3991 
0.2459 
0.4235 
0.6297 
0.6651 
0.2970 
0.4058 
0.5274 
0.4416 
0.5604 
0.5800 
0.3140 
0.4646 
0.0736 
0.7291 
0.3742 
0.2592 
0.4492 
0.2143 
0.4958 
0.3879 
0.9356 
0.7277 
0.0006 
0.5883 
0.2204 
0.4490 
0.5329 
0.6495 
0.4454 
0.8153 
0.4038 
0.5655 
0.6329 
0.5170 
0.6762 
0.5646 
0.3432 
0.1389 
0.8717 
0.3791 
0.5207 
0.6126 
0.5227 
0.3191 
0.4065 
0.4750 
0.7958 
0.3278 
0.6569 
0.5617 
0.4532 
0.2886 
0.4432 
0.4827 
0.2061 
0.5384 
0.3355 
0.4812 
0.5672 
0.3191 
0.4423 
0.5700 
0.1328 
0.7072 
0.9849 
0.6919 
0.4368 
0.5857 
0.2928 
0.8756 
0.6881 
0.6575 
0.3248 
0.5640 
0.3883 
0.4377 
0.3860 
0.2949 
0.3183 
0.4580 
0.1602 
0.6215 
0.4764 
0.6398 
0.5539 
0.5989 
0.2034 
0.2959 
0.4106 
0.5219 
0.7257 
0.4420 
0.7523 
0.5951 
0.7348 
0.5254 
0.3686 
0.2037 
0.5311 
0.6637 
0.4415 
0.3918 
0.4383 
0.2807 
0.4014 
0.4639 
0.5092 
0.4872 
0.6223 
0.5219 
0.8628 
0.5624 
0.8609 
0.3554 
0.6053 
0.4479 
0.6200 
0.6188 
0.0628 
0.2346 
0.2118 
0.5804 
0.7940 
0.4346 
0.6625 
0.6091 
0.2897 
0.5795 
0.3496 
0.8033 
0.4935 
0.8272 
0.4150 
0.6179 
0.4874 
0.0956 
0.3036 
0.6225 
0.4890 
0.2763 
0.3747 
0.5499 
0.3014 
0.6950 
0.3719 
0.8618 
0.2840 
0.5398 
0.1958 
0.3553 
0.3813 
0.5803 
0.6884 
0.5601 
0.4254 
0.6631 
0.6598 
0.5240 
0.6142 
0.5826 
0.3026 
0.6519 
0.3686 
0.3792 
0.5354 
0.4385 
0.4736 
0.6191 
0.7094 
0.4604 
0.5655 
0.4523 
0.5459 
0.5880 
0.3766 
0.5550 
0.6202 
0.5185 
0.8460 
0.3783 
0.3526 
0.1500 
0.6821 
0.6734 
0.4840 
0.6797 
0.5367 
0.5582 
0.5226 
0.5880 
0.5203 
0.2667 