0.919
0.641
0.753
0.37
0.798
0.211
0.261
0.884
0.182
0.479
0.3
0.198
0.639
0.323
0.304
0.06
0.195
0.362
0.046
0.392
0.432
0.137
0.062
0.278
0.073
0.919
0.14
0.554
0.281
0.119
0.154
0.142
0.243
0.39
0.664
0.334
0.283
0.448
0.298
0.197
0.7
0.383
0.036
0.067
0.077
0.353
0.056
0.023
0.352
0.241
0.059
0.898
0.248
0.191
0.371
0.026
0.343
0.004
0.075
0.186
0.38
0.698
0.141
0.326
0.905
0.991
0.004
0.094
0.165
0.276
0.17
0.067
0.207
0.799
0.032
0.202
0.383
0.154
0.304
0.204
0.197
0.318
0.311
0.752
0.611
0.245
0.108
0.018
0.207
0.272
0.369
0.209
0.164
0.205
0.186
0.068
0.186
0.204
0.051
0.208
0.198
0.38
0.224
0.393
0.11
0.073
0.211
0.248
0.06
0.108
0.217
0.975
0.594
0.079
0.19
0.083
0.916
0.411
0.151
0.17
0.087
0.3
0.04
0.129
0.146
0.276
0.936
0.348
0.117
0.346
0.361
0.124
0.954
0.493
0.13
0.331
0.131
0.37
0.217
0.022
0.008
0.362
0.013
0.267
0.085
0.17
0.216
0.021
0.227
0.149
0.02
0.138
0.711
0.144
0.915
0.09
0.226
0.91
0.42
0.322
0.241
0.327
0.4
0.304
0.34
0.124
0.343
0.019
0.411
0.499
0.116
0.003
0.094
0.466
0.179
0.234
0.245
0.068
0.392
0.461
0.218
0.115
0.253
0.163
0.059
0.063
0.983
0.271
0.052
0.876
0.067
0.207
0.32
0.305
0.202
0.018
0.068
0.194
0.35
0.875
0.083
0.004
0.304
0.255
0.107
0.16
0.076
0.226
0.318
0.144
0.024
0.477
0.177
0.186
0.001
0.109
0.725
0.353
0.348
0.317
0.391
0.296
0.388
0.4
0.193
0.176
0.102
0.118
0.491
0.27
0.007
0.295
0.389
0.038
0.579
0.96
0.119
0.3
0.765
0.343
0.693
0.344
0.181
0.074
0.014
0.376
0.012
0.095
0.952
0.027
0.668
0.333
0.281
0.468
0.187
0.101
0.079
0.352
0.254
0.143
0.444
0.284
0.061
0.185
0.37
0.895
0.322
0.278
0.306
0.208
0.152
0.225
0.344
0.466
0.937
0.366
0.185
0.11
0.371
0.213
0.134
0.307
0.134
0.175
0.778
0.655
0.613
0.069
0.144
0.335
0.096
0.12
0.766
0.019
0.342
0.243
0.041
0.291
0.159
0.074
0.5
0.772
0.099
0.201
0.157
0.227
0.37
0.198
0.191
0.086
0.98
0.321
0.3
0.089
0.266
0.877
0.3
0.318
0.211
0.239
0.535
0.302
0.295
0.081
0.182
0.28
0.194
0.344
0.022
0.141
0.331
0.072
0.626
0.254
0.283
0.172
0.222
0.021
0.3
0.126
0.313
0.222
0.931
0.34
0.305
0.181
0.88
0.204
0.049
0.078
0.202
0.602
0.017
0.22
0.045
0.168
0.142
0.155
0.311
0.207
0.876
0.421
0.245
0.52
0.165
0.159
0.254
0.921
0.297
0.001
0.193
0.248
0.036
0.235
0.153
0.779
0.556
0.396
0.015
0.129
0.034
0.833
0.993
0.99
0.122
0.203
0.083
0.312
0.207
0.11
0.138
0.202
0.356
0.802
0.777
0.353
0.555
0.106
0.315
0.276
0.444
0.73
0.049
0.064
0.375
0.509
0.365
0.09
0.248
0.424
0.135
0.422
0.285
0.292
0.824
0.304
0.761
0.565
0.177
0.625
0.932
0.203
0.05
0.26
0.392
0.429
0.399
0.26
0.069
0.287
0.789
0.218
0.402
0.346
0.015
0.272
0.049
0.279
0.004
0.622
0.364
0.189
0.582
0.256
0.281
0.387
0.285
0.214
0.107
0.31
0.252
0.885
0.312
0.135
0.689
0.359
0.329
0.207
0.039
0.029
0.291
0.297
0.363
0.005
0.619
0.211
0.385
0.356
0.09
0.096
0.235
0.399
0.227
0.068
0.321
0.336
0.215
0.121
0.027
0.387
0.829
0.478
0.98
0.094
0.268
0.206
0.07
0.067
0.312
0.016
0.167
0.232
0.186
0.51
0.174
0.058
0.602
0.311
0.338
0.056

